44970
44970
45000
45030
45060
45090
45120
45120
45150
45210
45240
45240
45270
45300
45300
45330
45360
45390
45390
45420
45420
45420
45450
45480
45510
45480
45510
45540
45540
45540
45570
45570
45570
45600
45570
45600
45600
45600
45600
45600
45600
45630
45600
45600
45600
45600
45600
45600
45600
45570
45600
45570
45570
45540
45570
45540
45540
45510
45510
45510
45510
45480
45480
45450
45450
45420
45390
45390
45390
45390
45360
45330
45330
45300
45300
45270
45240
45240
45210
45210
45180
45150
45150
45120
45090
45090
45060
45060
45030
45000
45000
44970
44970
44970
44940
44910
44910
44880
44880
44850
44820
44820
44790
44760
44760
44760
44760
44730
44700
44700
44670
44700
44670
44640
44640
44610
44640
44610
44610
44610
44580
44580
44580
44580
44550
44580
44550
44550
44550
44520
44550
44520
44550
44520
44550
44520
44550
44550
44550
44550
44550
44550
44550
44550
44550
44580
44580
44610
44580
44610
44610
44610
44640
44640
44670
44640
44670
44670
44670
44700
44700
44700
44760
44760
44760
44790
44790
44790
44820
44820
44850
44850
44880
44880
44880
44910
44910
44910
44970
44970
44970
45000
45000
45000
45030
45030
45030
45060
45060
45060
45090
45090
45090
45090
45090
45120
45120
45120
45120
45150
45150
45120
45150
45150
45150
45150
45150
45150
45150
45150
45150
45150
45150
45120
45120
45120
45120
45120
45120
45090
45090
45090
45060
45090
45060
45030
45030
45030
45000
45000
44970
44970
44970
44940
44940
44910
44880
44880
44850
44850
44850
44820
44790
44790
44760
44730
44700
44700
44670
44640
44640
44610
44580
44580
44550
44520
44490
44490
44460
44430
44430
44400
44370
44370
44340
44310
44310
44280
44250
44220
44220
44190
44160
44160
44130
44100
44100
44070
44070
44040
44010
44010
43980
43950
43950
43950
43950
43920
43890
43890
43860
43860
43860
43860
43830
43830
43800
43830
43800
43800
43800
43800
43770
43800
43770
43770
43770
43770
43770
43770
43800
43770
43800
43770
43800
43800
43800
43830
43830
43830
43860
43860
43860
43890
43920
43890
43920
43950
43950
43980
44010
44010
44040
44070
44070
44100
44130
44160
44160
44190
44250
44250
44280
44280
44340
44370
44370
44430
44460
44460
44520
44520
44580
44580
44610
44640
44670
44700
44760
44760
44820
44820
44850
44880
44910
44970